1.000000 0.017457
0.979504 0.022075
0.959883 0.026518
0.941110 0.030795
0.923156 0.034912
0.905995 0.038876
0.889600 0.042693
0.873944 0.046370
0.859001 0.049914
0.844745 0.053329
0.831153 0.056622
0.818198 0.059798
0.805857 0.062863
0.794106 0.065821
0.782922 0.068678
0.772281 0.071439
0.762161 0.074107
0.752539 0.076688
0.743395 0.079186
0.734707 0.081604
0.726453 0.083947
0.718614 0.086219
0.711169 0.088422
0.704098 0.090561
0.697383 0.092639
0.691004 0.094658
0.684944 0.096623
0.679183 0.098534
0.673704 0.100396
0.668490 0.102211
0.663524 0.103980
0.658790 0.105707
0.654270 0.107393
0.649951 0.109040
0.645816 0.110650
0.641849 0.112225
0.638038 0.113767
0.634367 0.115276
0.630823 0.116754
0.627391 0.118202
0.624060 0.119622
0.620816 0.121013
0.617648 0.122378
0.614542 0.123717
0.611487 0.125031
0.608473 0.126319
0.605488 0.127583
0.602521 0.128822
0.599564 0.130038
0.596604 0.131230
0.593634 0.132398
0.590644 0.133542
0.587626 0.134663
0.584570 0.135759
0.581469 0.136832
0.578315 0.137879
0.575101 0.138901
0.571819 0.139898
0.568463 0.140869
0.565027 0.141813
0.561504 0.142730
0.557889 0.143618
0.554177 0.144478
0.550361 0.145308
0.546439 0.146107
0.542404 0.146875
0.538254 0.147610
0.533983 0.148311
0.529590 0.148978
0.525071 0.149609
0.520422 0.150203
0.515642 0.150758
0.510728 0.151275
0.505679 0.151751
0.500492 0.152185
0.495167 0.152576
0.489703 0.152922
0.484098 0.153223
0.478353 0.153477
0.472467 0.153682
0.466442 0.153837
0.460276 0.153942
0.453971 0.153994
0.447529 0.153992
0.440950 0.153935
0.434236 0.153821
0.427390 0.153650
0.420412 0.153420
0.413307 0.153129
0.406077 0.152776
0.398724 0.152360
0.391253 0.151880
0.383666 0.151334
0.375968 0.150722
0.368163 0.150042
0.360255 0.149292
0.352249 0.148473
0.344150 0.147582
0.335963 0.146619
0.327694 0.145583
0.319348 0.144473
0.310932 0.143287
0.302451 0.142026
0.293912 0.140688
0.285322 0.139273
0.276688 0.137780
0.268017 0.136208
0.259316 0.134557
0.250594 0.132826
0.241858 0.131015
0.233117 0.129123
0.224378 0.127152
0.215650 0.125099
0.206944 0.122965
0.198266 0.120751
0.189628 0.118455
0.181038 0.116080
0.172507 0.113623
0.164043 0.111087
0.155659 0.108471
0.147363 0.105776
0.139167 0.103003
0.131082 0.100152
0.123119 0.097224
0.115288 0.094221
0.107603 0.091143
0.100073 0.087992
0.092712 0.084768
0.085532 0.081474
0.078544 0.078111
0.071761 0.074681
0.065197 0.071185
0.058864 0.067625
0.052775 0.064004
0.046943 0.060324
0.041383 0.056587
0.036107 0.052796
0.031130 0.048953
0.026466 0.045062
0.022128 0.041125
0.018132 0.037144
0.014492 0.033125
0.011223 0.029070
0.008340 0.024982
0.005857 0.020866
0.003791 0.016725
0.002156 0.012564
0.000969 0.008386
0.000245 0.004197
0.000000 0.000000
0.000054 -0.002148
0.000221 -0.004188
0.000505 -0.006122
0.000913 -0.007955
0.001450 -0.009688
0.002120 -0.011326
0.002928 -0.012870
0.003879 -0.014325
0.004975 -0.015692
0.006221 -0.016975
0.007619 -0.018176
0.009174 -0.019298
0.010888 -0.020343
0.012763 -0.021315
0.014801 -0.022215
0.017005 -0.023047
0.019375 -0.023812
0.021915 -0.024514
0.024624 -0.025153
0.027504 -0.025734
0.030555 -0.026257
0.033779 -0.026725
0.037175 -0.027141
0.040743 -0.027505
0.044483 -0.027821
0.048396 -0.028091
0.052480 -0.028315
0.056734 -0.028497
0.061158 -0.028638
0.065751 -0.028740
0.070511 -0.028805
0.075436 -0.028833
0.080526 -0.028828
0.085778 -0.028791
0.091190 -0.028723
0.096761 -0.028626
0.102487 -0.028501
0.108367 -0.028351
0.114398 -0.028175
0.120577 -0.027976
0.126901 -0.027756
0.133368 -0.027515
0.139974 -0.027254
0.146716 -0.026975
0.153591 -0.026680
0.160595 -0.026369
0.167726 -0.026043
0.174979 -0.025704
0.182350 -0.025352
0.189837 -0.024989
0.197435 -0.024616
0.205140 -0.024233
0.212948 -0.023841
0.220856 -0.023442
0.228858 -0.023036
0.236952 -0.022624
0.245133 -0.022207
0.253396 -0.021785
0.261738 -0.021360
0.270154 -0.020932
0.278640 -0.020501
0.287191 -0.020068
0.295803 -0.019634
0.304473 -0.019200
0.313195 -0.018765
0.321965 -0.018331
0.330779 -0.017898
0.339633 -0.017466
0.348522 -0.017036
0.357442 -0.016608
0.366388 -0.016182
0.375358 -0.015760
0.384345 -0.015340
0.393347 -0.014924
0.402359 -0.014512
0.411378 -0.014104
0.420398 -0.013700
0.429417 -0.013301
0.438430 -0.012906
0.447435 -0.012515
0.456426 -0.012130
0.465401 -0.011750
0.474356 -0.011374
0.483287 -0.011004
0.492193 -0.010639
0.501068 -0.010279
0.509910 -0.009924
0.518717 -0.009575
0.527485 -0.009230
0.536212 -0.008891
0.544896 -0.008556
0.553533 -0.008227
0.562121 -0.007902
0.570659 -0.007582
0.579145 -0.007266
0.587576 -0.006955
0.595951 -0.006648
0.604269 -0.006345
0.612528 -0.006046
0.620727 -0.005750
0.628865 -0.005458
0.636942 -0.005169
0.644957 -0.004882
0.652910 -0.004599
0.660800 -0.004317
0.668628 -0.004038
0.676394 -0.003760
0.684099 -0.003484
0.691743 -0.003209
0.699327 -0.002935
0.706853 -0.002661
0.714322 -0.002387
0.721736 -0.002113
0.729096 -0.001838
0.736406 -0.001562
0.743667 -0.001285
0.750883 -0.001006
0.758056 -0.000725
0.765190 -0.000441
0.772288 -0.000154
0.779355 0.000136
0.786394 0.000430
0.793411 0.000729
0.800410 0.001032
0.807395 0.001340
0.814374 0.001653
0.821351 0.001973
0.828332 0.002299
0.835325 0.002631
0.842335 0.002971
0.849370 0.003319
0.856438 0.003675
0.863546 0.004039
0.870703 0.004412
0.877917 0.004795
0.885197 0.005188
0.892552 0.005591
0.899993 0.006004
0.907529 0.006429
0.915170 0.006865
0.922928 0.007314
0.930814 0.007774
0.938840 0.008248
0.947017 0.008734
0.955359 0.009235
0.963878 0.009749
0.972588 0.010278
0.981501 0.010821
0.990634 0.011379
1.000000 0.011953